   -124.4182982573      42.5620750685 
   -124.3983819463      42.4997072399 
   -124.4321294714      42.3988396827 
   -124.4155344099      42.2946823584 
   -124.3755826814      42.2111239106 
   -124.3528095532      42.1066683098 
   -124.2332232837      42.0184161106 
   -124.2110677277      41.9442649367 
   -124.2221173530      41.8553923903 
   -124.2627354602      41.7735257900 
   -124.1692572759      41.7336123698 
   -124.1431552540      41.6748930206 
   -124.0972518060      41.5614370790 
   -124.0792915771      41.3798711805 
   -124.1205953077      41.2146290839 
   -124.1672695759      41.1107864882 
   -124.1297125898      41.0503950368 
   -124.1178720830      40.9887060491 
   -124.1459163698      40.8989821875 
   -124.2448665201      40.7515206030 
   -124.3615326639      40.5577079930 
   -124.4025354884      40.4304985760 
   -124.3669656619      40.3674651681 
   -124.3604123738      40.2529556356 
   -124.2140918054      40.1570899513 
   -124.0931331011      40.0794952800 
   -124.0966274977      40.0297007130 
   -123.9800790827      39.9627232800 
   -123.8552353111      39.8317786787 
   -123.8002590401      39.6949863342 
   -123.7627590305      39.5596058821 
   -123.8077756563      39.4712371628 
   -123.8216563613      39.3802555517 
   -123.8000153579      39.2631972672 
   -123.7323847736      39.1547061565 
   -123.6929236172      39.0315938439 
   -123.7402433118      38.9408294072 
   -123.6162628212      38.8289505694 
   -123.4333795979      38.6987275319 
   -123.3340897135      38.5663856917 
   -123.1651221145      38.4755840573 
   -123.0229124479      38.3087051483 
   -122.9867964153      38.2411807534 
   -122.9622670937      38.1451623351 
   -122.9815191555      38.0774241661 
   -123.0245982968      37.9978122572 
   -122.9005448436      38.0294262547 
   -122.8177927338      37.9901531727 
   -122.7317747016      37.9058559664 
   -122.6545225883      37.9006874335 
   -122.5198655840      37.7714352321 
   -122.5099320546      37.6001552215 
   -122.5140544721      37.5111684536 
   -122.4604111708      37.4852776633 
   -122.4074166581      37.3557287097 
   -122.4242264251      37.2515444889 
   -122.4036917437      37.1921041947 
   -122.3377823073      37.1389433426 
   -122.2634902733      37.0817297027 
   -122.2074153859      37.0068758320 
   -122.0908650614      36.9516123403 
   -121.9786247625      36.9604416070 
   -121.9309699665      36.9709328220 
   -121.8556278620      36.9245947070 
   -121.7885438176      36.8025063145 
   -121.8014142049      36.7681262018 
   -121.8113000889      36.7076682788 
   -121.8203238227      36.6559774297 
   -121.8769224610      36.6036077895 
   -121.9362245101      36.6383596761 
   -121.9844585759      36.5840487036 
   -121.9367547678      36.5608671010 
   -121.9374823290      36.5292076213 
   -121.9433541084      36.4929804016 
   -121.9122285308      36.4091909611 
   -121.9013654165      36.3057695380 
   -121.8560619198      36.2790142666 
   -121.8220435425      36.2386416073 
   -121.7886777733      36.2310006353 
   -121.7245124946      36.1943457472 
   -121.6690470755      36.1505712192 
   -121.6219327815      36.0857772885 
   -121.5734903557      36.0199664789 
   -121.5105377399      36.0070237322 
   -121.4790916953      35.9515585236 
   -121.4479068656      35.8709154776 
   -121.3309429897      35.7794198735 
   -121.3156102366      35.7162394205 
   -121.2838979509      35.6698378508 
   -121.1822457163      35.6396552299 
   -121.1405314710      35.6064204011 
   -121.0878312138      35.5390115653 
   -121.0003478359      35.4609619886 
   -120.9068548919      35.4456626425 
   -120.8803207337      35.4173784855 
   -120.8623133418      35.3456595959 
   -120.8961274741      35.2532606004 
   -120.8531837568      35.2073934133 
   -120.7627619721      35.1707667753 
   -120.6680812415      35.1608455044 
   -120.6306718702      35.0587019579 
   -120.6693961969      34.9060370920 
   -120.6138475347      34.8623791734 
   -120.6456438992      34.7631214734 
   -120.6008419091      34.7004908990 
   -120.6487460713      34.5757171641 
   -120.5889105491      34.5572942466 
   -120.5096298965      34.5222245345 
   -120.4610166906      34.4471860071 
   -120.1969267153      34.4719200719 
   -120.0227653171      34.4623280390 
   -119.8142776710      34.4161224470 
   -119.6078149744      34.4212089063 
   -119.4838998303      34.3785528809 
   -119.2977167465      34.2699220264 
   -119.2306303703      34.1633543817 
   -119.0258885013      34.0706917942 
   -118.8663380643      34.0391872051 
   -118.8035575150      34.0079262039 
   -118.7338677558      34.0370792421 
   -118.5473687494      34.0332831241 
   -118.4792312722      33.9891422424 
   -118.4315978198      33.9274761326 
   -118.3962197717      33.8226323377 
   -118.4197137017      33.7614965106 
   -118.3696073360      33.7362010618 
   -118.2858766911      33.7134221953 
   -118.2111459591      33.7571667234 
   -118.1540828960      33.7598630701 
   -118.0965343759      33.7324408785 
   -118.0124973011      33.6558456037 
   -117.8798169094      33.5925389658 
   -117.6902333641      33.4609190449 
   -117.5763571940      33.3737112628 
   -117.4911932125      33.3184538194 
   -117.4266330041      33.2393258711 
   -117.3441459495      33.1473188446 
   -117.3001675470      33.0507603454 
   -117.2690770611      32.9604608080 
   -117.2482171896      32.8638425901 
   -117.2787534684      32.8245765183 
   -117.2605004813      32.7548647274 
   -117.2415081570      32.6667474903 
   -117.1926809519      32.6805900083 
   -117.1319371957      32.6023507209 
   -117.1199397903      32.4652014811 
   -117.0242926130      32.2671808587 
   -116.9223064040      32.2261726919 
   -116.8824191128      32.0331027694 
   -116.8359191249      31.9796962342 
   -116.7552203545      31.9692585952 
   -116.6316175475      31.9597286814 
   -115.9681642016      31.9999303983 
   -114.9606684638      32.0268589076 
   -114.8580256589      33.0839083098 
   -114.8855372676      34.3359850858 
   -114.9396572824      36.6980136105 
   -114.9767625825      38.9735116931 
   -114.9676145188      42.8523892039 
   -117.0009082675      42.8088446949 
   -118.4747358868      42.7731813242 
   -120.2109928711      42.7571716992 
   -122.7313463339      42.6925023699 
   -124.0531706712      42.6386339519 
   -124.4164655598      42.6229401670 
   -124.4182982573      42.5620750685 
